P1:
- [888.9408629855138, 0.0, 307.0030975341797, 0.0]
- [0.0, 888.9408629855138, 289.3422451019287, 0.0]
- [0.0, 0.0, 1.0, 0.0]
P2:
- [888.9408629855138, 0.0, 307.0030975341797, 0.0]
- [0.0, 888.9408629855138, 289.3422451019287, 87429.23290999579]
- [0.0, 0.0, 1.0, 0.0]
Q:
- [1.0, 0.0, 0.0, -307.0030975341797]
- [0.0, 1.0, 0.0, -289.3422451019287]
- [0.0, 0.0, 0.0, 888.9408629855138]
- [0.0, 0.0, -0.010167547322537256, 0.0]
R1:
- [0.9998339631765973, -0.01798165593185061, -0.0029506149405231492]
- [0.01780549732385736, 0.9985083683760514, -0.051613976285944156]
- [0.0038743184728163337, 0.05155286929885121, 0.9986627515449983]
R2:
- [0.9997252015887613, -0.02310413471913437, 0.003964879215108347]
- [0.02326672591040748, 0.9985967964212166, -0.04757202584180517]
- [-0.0028602051884930348, 0.047651202882650213, 0.9988599411779994]
essential_matrix:
- [0.6622033703693041, 5.063883136551365, 98.19279414912106]
- [-4.694623225252109, -0.032872913384286856, -2.2554739773558747]
- [-98.22218680289765, 1.7866213069951735, 0.6793013136150502]
fundamental_matrix:
- [-3.323915385988836e-07, -2.545000581635336e-06, -0.04010025234630297]
- [2.36638242403648e-06, 1.6590826506907728e-08, 0.0002472631967952296]
- [0.039942616796574584, 7.863400993676148e-05, 1.0]
roi_1: [0, 0, 640, 480]
roi_2: [0, 0, 640, 480]
rotation_matrix:
- [0.9999624046721488, 0.005107854140641146, -0.00700707273914973]
- [-0.005135170060134323, 0.9999792646953656, -0.0038858985794030464]
- [0.006987078842212976, 0.003921734997911215, 0.9999678998467195]
translation_vector:
- [2.2883321977597046]
- [98.21412822025813]
- [-4.67881036917897]
