image_width: 640
image_height: 480
camera_name: narrow_stereo
camera_matrix:
  rows: 3
  cols: 3
  data: [828.066093, 0.000000, 304.375141, 0.000000, 824.517218, 223.876661, 0.000000, 0.000000, 1.000000]
distortion_model: plumb_bob
distortion_coefficients:
  rows: 1
  cols: 5
  data: [0.107572, -0.034765, 0.001716, 0.011345, 0.000000]
rectification_matrix:
  rows: 3
  cols: 3
  data: [1.000000, 0.000000, 0.000000, 0.000000, 1.000000, 0.000000, 0.000000, 0.000000, 1.000000]
projection_matrix:
  rows: 3
  cols: 4
  data: [848.867737, 0.000000, 309.454147, 0.000000, 0.000000, 851.051941, 224.626604, 0.000000, 0.000000, 0.000000, 1.000000, 0.000000]
